function [xc_1, xc_2, sig_xx_1, sig_xx_2, sig_von_1, sig_von_2, w_1, w_2] = solid_assig_1_data()
data__0_006_sigxx_finer = [0                         0                        1.15088199769348E8
0.002222222222222179      0                        8.430064506011875E7
0.004444444444444404      0                        8.13967862453048E7
0.00666666666666663       0                        7.882304933746205E7
0.008888888888888854      0                        7.605328987291522E7
0.01111111111111108       0                        7.304356930202319E7
0.013333333333333305      0                        6.987451054008907E7
0.01555555555555553       0                        6.661665125792593E7
0.017777777777777757      0                        6.3315023528283335E7
0.019999999999999983      0                        5.999380433123159E7
0.022222222222222206      0                        5.666456090621158E7
0.024444444444444432      0                        5.333235673862348E7
0.026666666666666658      0                        4.999921228173897E7
0.028888888888888884      0                        4.666582847255814E7
0.031111111111111107      0                        4.333238637090757E7
0.03333333333333333       0                        3.999891514106122E7
0.035555555555555556      0                        3.666549189498357E7
0.03777777777777777       0                        3.333231679934554E7
0.039999999999999994      0                        3.0000090180343717E7
0.042222222222222223      0                        2.6671287165204097E7
0.04444444444444444       0                        2.3353288153133046E7
0.04666666666666666       0                        2.0062923806150775E7
0.048888888888888885      0                        1.683989020494922E7
0.05111111111111111       0                        1.3767989394372126E7
0.05333333333333333       0                        1.1007445396191968E7
0.05555555555555555       0                        8852232.258816378
0.057777777777777775      0                        7989951.175712562
0.06                      0                        3295196.7191424053];

data__0_006_sigxx_normal = [0                         0                        1.0363596887911668E8
0.004000000000000112      0                        8.103660171900986E7
0.008000000000000104      0                        7.714484529654764E7
0.012000000000000097      0                        7.178304088301821E7
0.01600000000000009       0                        6.59590028853319E7
0.02000000000000008       0                        5.9995625221294194E7
0.024000000000000073      0                        5.400120184572563E7
0.028000000000000067      0                        4.8001267338948645E7
0.032000000000000056      0                        4.200064666322473E7
0.03600000000000005       0                        3.599957750883236E7
0.04000000000000004       0                        2.9998789919468682E7
0.04400000000000003       0                        2.4010809623867515E7
0.04800000000000003       0                        1.811071883763163E7
0.05200000000000002       0                        1.2615396361632297E7
0.05600000000000001       0                        8790084.794377768
0.06                      0                        2919161.1299395235];

data__0_2_sigxx_finer = [0                         0                        3.1040957423377436E8     0                        0
0.0074074074074078405     0                        2.81391402793032E8       0.0074074074074078405    0
0.014814814814815237      0                        2.7746172979442835E8     0.014814814814815237     0
0.022222222222222632      0                        2.6669171613016334E8     0.022222222222222632     0
0.02962962962963003       0                        2.555673705841683E8      0.02962962962963003      0
0.037037037037037424      0                        2.4445102840599468E8     0.037037037037037424     0
0.04444444444444482       0                        2.3333942857476816E8     0.04444444444444482      0
0.05185185185185222       0                        2.2222846348474136E8     0.051851851851852225     0
0.059259259259259615      0                        2.1111757289226708E8     0.059259259259259615     0
0.06666666666666701       0                        2.000059434598023E8      0.06666666666666701      0
0.0740740740740744        0                        1.8889383101440278E8     0.0740740740740744       0
0.08148148148148181       0                        1.7778202969110176E8     0.08148148148148181      0
0.0888888888888892        0                        1.666711827027425E8      0.0888888888888892       0
0.0962962962962966        0                        1.555603682386587E8      0.0962962962962966       0
0.10370370370370399       0                        1.4444964383444944E8     0.103703703703704        0
0.11111111111111138       0                        1.3333860632602829E8     0.11111111111111138      0
0.11851851851851876       0                        1.2222726466122991E8     0.11851851851851876      0
0.12592592592592614       0                        1.1111624873160048E8     0.12592592592592614      0
0.13333333333333353       0                        1.0000533120046353E8     0.13333333333333353      0
0.14074074074074092       0                        8.889449311624117E7      0.14074074074074092      0
0.1481481481481483        0                        7.778438567613277E7      0.1481481481481483       0
0.15555555555555567       0                        6.667577943234148E7      0.15555555555555567      0
0.1629629629629631        0                        5.557228129859233E7      0.1629629629629631       0
0.17037037037037048       0                        4.446215987742169E7      0.17037037037037048      0
0.17777777777777784       0                        3.3362942535485446E7     0.17777777777777784      0
0.18518518518518523       0                        2.2283185152730744E7     0.18518518518518523      0
0.19259259259259262       0                        1.213382332342208E7      0.19259259259259262      0
0.2                       0                        2433998.382495188        0.2                      0];

data__0_2_sigxx_normal = [0                         0                        2.999378424799126E8
0.013333333333333752      0                        2.7662806872418743E8
0.02666666666666706       0                        2.599465791227939E8
0.04000000000000037       0                        2.3999966099779344E8
0.05333333333333368       0                        2.2000579180340528E8
0.06666666666666698       0                        2.0000763608274427E8
0.0800000000000003        0                        1.8000870834178886E8
0.0933333333333336        0                        1.600098385239355E8
0.10666666666666691       0                        1.4001126363394222E8
0.1200000000000002        0                        1.2001320633247711E8
0.1333333333333335        0                        1.0001619881107388E8
0.1466666666666668        0                        8.00216039549449E7
0.16000000000000011       0                        6.003656160790225E7
0.1733333333333334        0                        4.00988032808733E7
0.1866666666666667        0                        2.0579705990007803E7
0.2                       0                        3099968.929068695];

